3.905261169208159 5.667949857410595 1
-6.636497435342003 -4.357181849116147 -1
4.217681889607314 9.106219198054304 1
1.4291486999651578 -4.162272805314551 -1
-3.546114893454467 -7.8722643620877 -1
-7.126609157460335 -3.1281209601276974 -1
-7.436703408394294 -1.8744312617909694 -1
1.6401531947158124 -3.6210527072269393 -1
-2.8700285364072354 1.1385827059182256 1
7.262799446197863 -4.134293222200945 -1
-8.428659392484247 -4.553035599038196 -1
-7.241083380395308 2.573027581848042 1
6.453044579585849 -5.510766092718615 -1
-7.270310413273779 6.213156054460626 1
-5.0288153358579495 5.099167680105983 1
-5.071237190339409 -4.26465625190391 -1
-0.3024004238962727 4.660200076782684 1
-5.075430224678939 1.0921621640261024 1
4.678422105195826 -4.768021267598551 -1
-1.3180481179497553 0.8916949496675773 1
