0.487 9.613 1
-4.069 8.909 1
4.457 -3.679 -1
6.292 0.764 1
-9.862 8.541 -1
1.320 8.888 1
3.518 3.152 1
-3.295 8.417 1
-7.662 0.897 -1
1.711 -4.467 -1
-2.030 2.751 1
7.929 -6.151 -1
-2.197 -1.541 -1
1.313 -3.897 -1
-7.806 -3.966 -1
-6.181 1.799 -1
4.877 6.965 1
3.502 1.715 1
-1.498 -0.647 -1
4.758 -1.129 1
2.776 -9.845 -1
-6.306 -7.877 -1
-7.313 -5.848 -1
0.537 5.321 1
3.629 -1.715 1
-0.997 -4.171 -1
-5.143 0.165 -1
-2.243 -1.377 -1
9.159 7.789 1
7.649 -1.052 1
-7.955 -0.441 -1
4.456 -3.112 -1
1.953 4.690 1
-5.243 9.543 1
5.236 -8.555 -1
-9.118 3.265 -1
-3.019 -3.259 -1
6.022 0.691 1
-1.547 0.498 -1
-2.288 4.705 1
4.390 -7.569 -1
1.282 -3.374 -1
9.744 2.351 1
0.113 -1.973 -1
-8.044 5.757 -1
-5.274 4.084 -1
-1.248 -1.229 -1
-0.958 -8.958 -1
-5.985 2.373 -1
4.010 5.011 1
2.370 -4.064 -1
2.714 -3.819 -1
-7.184 3.452 -1
-4.328 8.598 1
8.418 -1.733 1
0.809 -9.341 -1
-5.178 -9.750 -1
2.593 5.773 1
-0.156 0.961 1
-8.937 -3.029 -1
-5.257 -0.146 -1
-6.181 8.243 1
3.679 -8.406 -1
2.346 2.139 1
-7.089 -6.870 -1
-5.428 6.483 1
-9.358 2.301 -1
-5.498 2.081 -1
-9.423 4.313 -1
6.438 -9.135 -1
-6.039 4.425 -1
2.211 5.739 1
0.604 3.326 1
-2.295 -9.276 -1
-9.955 -2.787 -1
4.398 1.609 1
-9.457 0.364 -1
-0.054 -4.949 -1
4.009 -5.523 -1
2.489 2.733 1
-9.001 5.699 -1
-2.605 8.726 1
8.485 -9.041 -1
-6.123 9.592 1
1.205 3.029 1
-6.010 -0.236 -1
7.311 5.922 1
-2.270 -3.403 -1
1.335 -1.003 -1
8.032 -0.564 1
-4.280 3.845 -1
5.915 -1.934 1
-3.260 6.548 1
1.056 7.748 1
-2.987 7.944 1
-7.409 -1.079 -1
-7.064 -9.384 -1
7.505 0.921 1
-1.962 -5.492 -1
-3.633 -3.886 -1
0.146 8.501 1
8.878 -5.675 1
-9.051 6.385 -1
-9.538 3.183 -1
4.008 -1.838 1
8.679 8.328 1
-1.900 4.817 1
-8.269 -8.981 -1
2.327 6.153 1
-8.684 -0.195 -1
8.740 5.497 1
-3.982 -7.216 -1
3.242 -3.588 -1
8.032 5.047 1
-5.787 2.733 -1
-9.871 5.724 -1
-1.206 2.378 1
-7.806 -6.137 -1
5.328 1.520 1
9.154 -8.078 -1
-3.394 -5.374 -1
-0.413 4.105 1
-9.752 -4.360 -1
-0.200 -4.719 -1
-6.375 9.519 1
-5.032 6.095 1
3.680 8.816 1
4.996 -7.900 -1
-7.868 -1.438 -1
-4.921 -7.160 -1
-8.449 -2.035 -1
-4.859 4.384 -1
7.477 0.876 1
-4.424 -7.342 -1
8.321 0.722 1
4.853 7.196 1
-9.644 5.216 -1
7.401 -3.538 1
-3.272 1.682 -1
4.683 -7.439 -1
2.149 -3.109 -1
-8.456 -3.001 -1
1.532 2.568 1
9.131 3.805 1
2.191 -3.121 -1
6.081 -3.164 1
-0.541 9.142 1
-4.695 4.881 1
-3.810 1.040 -1
-2.341 -6.048 -1
9.364 -2.418 1
7.642 -7.595 -1
9.715 -8.803 -1
8.250 1.232 1
-0.573 -7.588 -1
-0.958 5.322 1
2.674 -7.350 -1
-0.136 -7.285 -1
-0.587 -3.074 -1
-3.335 7.391 1
8.013 4.999 1
-6.000 -9.205 -1
9.309 0.623 1
-8.860 0.470 -1
7.849 -5.161 1
-7.746 -0.525 -1
-4.447 -7.149 -1
-5.296 9.800 1
8.721 -1.474 1
8.398 -7.930 -1
-3.594 5.732 1
-8.097 0.463 -1
-5.107 -5.613 -1
3.299 -5.420 -1
3.101 9.658 1
-2.848 -5.727 -1
5.827 4.651 1
-5.291 9.074 1
0.603 -7.810 -1
5.748 -5.990 -1
-6.175 -3.626 -1
3.630 4.140 1
5.958 2.806 1
-1.078 1.739 1
-3.984 5.597 1
2.510 -2.516 -1
8.946 -5.469 1
-5.267 0.476 -1
-1.954 -7.097 -1
-2.016 7.077 1
1.331 6.437 1
-0.673 3.363 1
-2.450 -8.508 -1
5.852 2.648 1
-7.083 6.255 -1
-3.159 3.101 -1
1.078 -0.664 -1
-6.007 -4.261 -1
-6.544 -2.459 -1
-1.439 6.719 1
